   Feature1  Feature2  Feature3
0  0.317625  0.332306  0.569201
1  0.209380  0.723194  0.795482
2  0.870376  0.056010  0.613507
3  0.863217  0.176255  0.318844
4  0.844567  0.267957  0.746810
5  0.234401  0.792185  0.944560
6  0.582173  0.078793  0.228452
7  0.555117  0.704150  0.914122
8  0.034318  0.855840  0.875221
9  0.362902  0.761364  0.158282

Modified Row :
[5]
Modified Input Data (10 rows):
   Feature1  Feature2  Feature3
0  0.317625  0.332306  0.569201
1  0.209380  0.723194  0.795482
2  0.870376  0.056010  0.613507
3  0.863217  0.176255  0.318844
4  0.844567  0.267957  0.746810
5  0.602428  1.653878  1.031717
6  0.582173  0.078793  0.228452
7  0.555117  0.704150  0.914122
8  0.034318  0.855840  0.875221
9  0.362902  0.761364  0.158282

Original Output :
0.010588896258493463

Predicted Output for Single Target:
0.010588896258493463